<?xml version="1.0"?>
<opencv_storage>
<intrinsic type_id="opencv-matrix">
  <rows>3</rows>
  <cols>3</cols>
  <dt>d</dt>
  <data>
    5.1344259887879552e+03 0. 1.0373976435403781e+03 0.
    5.1449547895752421e+03 5.8766771480801060e+02 0. 0. 1.</data></intrinsic>
<distortion type_id="opencv-matrix">
  <rows>1</rows>
  <cols>5</cols>
  <dt>d</dt>
  <data>
    -3.4850813941786170e+00 4.0021924911976225e+02
    -8.3138655546525467e-04 -4.3950738211340774e-02
    -1.3416792654339559e+04</data></distortion>
</opencv_storage>
